*---------------------------------------------------------*
*   Country: United Kingdom
*   Station: Harpenden
*      Year: 1985
*    Source: Rothamsted Experimental Station
*    Author: John Porter, Michael Semenov
* Longitude: 00 24 W
*  Latitude: 51 36 N
* Elevation: 128 m.
*  Comments: Data from EC-Claire project.
*
*  Columns:
*  ========
*  station number
*  year
*  day
*  irradiation (kJ m-2 d-1)
*  minimum temperature (degrees Celsius)
*  maximum temperature (degrees Celsius)
*  vapour pressure (kPa)
*  mean wind speed (m s-1)
*  precipitation (mm d-1)
*---------------------------------------------------------*
  -0.40  51.60   128. 0.00 0.00
  43 1985   1  2900.   1.4    4.0   0.580   4.0     0.0
  43 1985   2  2000.   0.0    2.0   0.580   2.6     0.0
  43 1985   3  1100.  -0.7    2.5   0.550   2.6     0.0
  43 1985   4  2000.  -0.3    1.7   0.630   2.4     0.4
  43 1985   5  4100.  -3.4   -0.5   0.430   2.4     4.4
  43 1985   6  2000.  -5.5    2.5   0.590   4.7     2.1
  43 1985   7  2800.  -5.9   -3.5   0.360   1.3     0.0
  43 1985   8  1100.  -8.2   -2.0   0.400   2.4     0.1
  43 1985   9  1100.  -4.9    0.5   0.480   1.4     0.1
  43 1985  10  1400.  -4.8    2.1   0.580   1.6     0.2
  43 1985  11  1300.  -4.0    1.4   0.440   0.9     0.2
  43 1985  12  1700.  -4.0    2.4   0.510   2.3     0.8
  43 1985  13  1300.  -3.2   -1.7   0.370   2.4     0.0
  43 1985  14  1100.  -5.8   -0.7   0.390   3.7     3.2
  43 1985  15  2000.  -4.7   -2.5   0.340   2.2     1.2
  43 1985  16  1100.  -5.5   -4.3   0.360   1.0     0.0
  43 1985  17  1100. -11.1   -0.6   0.260   4.4     0.0
  43 1985  18  1100.  -9.9   -0.4   0.550   2.4     0.0
  43 1985  19  1100.  -1.4    1.1   0.500   1.4     0.0
  43 1985  20  1100.  -1.2    4.9   0.530   3.0     6.0
  43 1985  21  1200.  -0.7    8.3   0.870   3.4    13.3
  43 1985  22  5600.   1.0    3.7   0.590   3.2     0.0
  43 1985  23  5000.  -1.1    3.3   0.550   3.0     0.0
  43 1985  24  1200.  -1.4    6.8   0.470   2.9     6.6
  43 1985  25  1200.  -0.8    6.9   0.770   2.0     9.5
  43 1985  26  1700.   2.0    3.3   0.680   2.1     0.2
  43 1985  27  1200.  -4.9    4.8   0.450   3.1     1.8
  43 1985  28  2600.  -2.9    7.5   0.850   2.3     1.8
  43 1985  29  1300.   0.6   10.2   1.030   2.8     5.5
  43 1985  30  1300.   2.8   10.1   0.830   4.6     0.7
  43 1985  31  2200.   3.9   10.9   0.870   5.1     0.0
  43 1985  32  2600.   7.5   12.0   1.140   3.5     0.0
  43 1985  33  2800.   6.0   11.2   0.880   1.7     0.0
  43 1985  34  1400.   4.0    9.1   0.800   0.9     0.5
  43 1985  35  2000.   5.3   10.3   1.000   1.4     0.1
  43 1985  36  3400.   0.1    8.1   0.610   1.4     0.0
  43 1985  37  1800.   2.1   10.9   0.970   2.6     0.0
  43 1985  38  1400.   2.9    3.4   0.690   4.3     4.3
  43 1985  39  1500.   0.8    2.1   0.610   4.5    17.6
  43 1985  40  1500.  -2.5   -1.9   0.500   5.9     2.5
  43 1985  41  5700.  -5.3   -3.4   0.270   6.1     0.0
  43 1985  42  6200.  -5.9   -2.3   0.380   4.6     0.0
  43 1985  43  6100.  -7.3   -1.4   0.330   3.6     0.0
  43 1985  44  1600.  -8.7   -3.1   0.320   2.0     0.0
  43 1985  45  5400.  -7.4    0.5   0.370   5.0     0.0
  43 1985  46  6400.  -5.8   -1.9   0.310   3.1     0.0
  43 1985  47  7900.  -7.3    1.6   0.310   2.7     0.0
  43 1985  48  3300.  -4.8    1.7   0.470   3.0     0.0
  43 1985  49  6100.  -5.2    1.5   0.400   1.9     0.0
  43 1985  50  2900.  -7.5    2.5   0.380   2.3     0.2
  43 1985  51  1800.  -3.0    3.0   0.550   0.7     0.1
  43 1985  52  1800.   0.1    3.0   0.680   0.0     0.0
  43 1985  53  1900.   0.6    3.0   0.590   1.6     0.0
  43 1985  54  6100.   0.0    9.6   0.660   2.4     0.1
  43 1985  55  7000.  -0.1   11.9   0.640   0.6     0.0
  43 1985  56  1900.   0.4    8.7   0.500   0.8     0.0
  43 1985  57  5000.  -0.9   12.9   0.680   0.8     0.1
  43 1985  58  3500.   1.9   12.4   0.890   0.7     0.1
  43 1985  59  2100.   3.4    5.2   0.800   3.2     3.6
  43 1985  60  3400.   0.7    9.3   0.680   1.6     2.9
  43 1985  61  2100.   1.1    7.2   0.840   2.0     0.2
  43 1985  62  2200.   3.6    8.2   0.970   3.8     3.6
  43 1985  63  3800.   2.5    7.8   0.720   2.0     0.1
  43 1985  64  9400.  -1.1    9.9   0.720   0.6     0.0
  43 1985  65  9200.  -2.4   10.3   0.600   1.7     1.1
  43 1985  66  2300.   2.7    8.6   0.900   1.2     0.0
  43 1985  67  8000.   2.2   11.2   0.860   1.2     0.0
  43 1985  68  4100.   1.1    9.9   0.810   1.0     0.0
  43 1985  69  4500.   2.1   10.6   0.930   3.8     1.6
  43 1985  70  7700.   2.0    8.1   0.730   1.9     0.0
  43 1985  71 10300.  -2.2    9.8   0.580   2.0     0.0
  43 1985  72  2600.  -2.1    7.5   0.670   1.8     0.6
  43 1985  73  8700.   1.2    6.8   0.610   2.8     0.1
  43 1985  74  5900.  -0.6    6.9   0.630   2.0     1.3
  43 1985  75  6300.  -2.6    4.8   0.630   3.0     0.3
  43 1985  76  6000.  -1.5    4.7   0.600   1.6     0.0
  43 1985  77  9700.  -3.4    6.6   0.490   1.4     0.0
  43 1985  78  7900.  -2.6    4.0   0.550   1.8     0.0
  43 1985  79  7100.  -3.6    2.7   0.510   2.6     0.0
  43 1985  80  2900.  -2.6    5.4   0.490   3.2     2.6
  43 1985  81  3000.   1.1    7.4   0.880   1.4     3.5
  43 1985  82  3400.   3.1    6.8   0.840   2.3     0.2
  43 1985  83  6700.   2.9    8.3   0.790   1.6     1.7
  43 1985  84  4700.  -1.3    7.4   0.780   1.9     3.8
  43 1985  85  3200.   3.1    5.1   0.790   3.2     8.0
  43 1985  86  4200.   1.2    6.3   0.720   2.8     0.1
  43 1985  87  7700.  -1.0    8.2   0.570   4.0     0.0
  43 1985  88  3300.   3.0    8.9   0.760   4.8     3.2
  43 1985  89  3500.   5.7   11.1   1.090   3.8     0.2
  43 1985  90 10000.   7.0   14.1   1.120   5.4     3.1
  43 1985  91  3800.   7.1   15.9   1.260   6.0     0.3
  43 1985  92 11100.   7.5   14.6   0.900   3.6     0.0
  43 1985  93  7300.  10.5   17.9   1.210   3.6     1.1
  43 1985  94  3600.   8.3   13.5   1.080   2.8     0.2
  43 1985  95  4000.   7.6   12.2   1.010   2.1     0.0
  43 1985  96  7800.   6.3   13.0   0.920   2.2     0.3
  43 1985  97  4600.   4.4   12.4   0.980   4.0     8.0
  43 1985  98  5300.   6.9   11.4   1.000   4.0     0.3
  43 1985  99 14700.   2.5   12.5   0.880   2.0     0.0
  43 1985 100 12200.   3.2   12.4   0.820   2.3     4.7
  43 1985 101  4000.   3.5    9.0   0.890   6.5     3.6
  43 1985 102 11800.   3.9   11.1   0.660   4.1     0.5
  43 1985 103 12800.   4.0   10.4   0.690   6.3     3.5
  43 1985 104 10400.   5.4   10.7   0.770   3.9     0.0
  43 1985 105  8600.   2.5   12.3   0.820   2.5     0.0
  43 1985 106 13700.   7.2   15.8   1.130   1.6     0.0
  43 1985 107 12500.   6.3   13.5   0.880   0.8     0.0
  43 1985 108 15400.   4.8   16.9   1.120   1.3     0.0
  43 1985 109 15900.   2.8   18.9   1.190   3.1     0.0
  43 1985 110  6800.   2.7    7.0   0.660   1.3     2.3
  43 1985 111  8200.  -1.2   10.2   0.820   3.7     0.0
  43 1985 112 15800.   3.5   12.0   0.780   4.8     0.1
  43 1985 113 14000.   3.4   10.3   0.680   3.9     0.0
  43 1985 114 21500.  -1.4   11.5   0.570   2.0     0.1
  43 1985 115  4900.   2.6    6.9   0.750   2.9     0.0
  43 1985 116 15700.  -4.3   11.5   0.480   3.6     0.0
  43 1985 117  6100.   5.5    9.2   0.760   3.9     0.8
  43 1985 118 13800.  -0.6    8.9   0.460   1.9     3.4
  43 1985 119  4900.   2.0   10.9   0.760   1.5     1.7
  43 1985 120  8900.   5.4   15.1   1.170   3.2     0.0
  43 1985 121 16000.   5.1   11.3   0.700   3.3     0.0
  43 1985 122 15900.   2.9   11.3   0.710   2.9     0.0
  43 1985 123  6300.   5.9    8.1   0.820   1.3     0.1
  43 1985 124  9100.   2.8   11.7   0.720   1.0     0.0
  43 1985 125  1000.   5.2   11.1   0.840   2.5     0.0
  43 1985 126 23200.   4.0   16.0   0.740   2.5     0.0
  43 1985 127 11900.   5.6   15.8   0.990   4.5     0.0
  43 1985 128  5500.   8.8   13.3   1.080   3.2     0.0
  43 1985 129 14100.   6.0   13.8   0.990   2.1     0.0
  43 1985 130  5500.   3.0   10.6   1.020   3.4     0.0
  43 1985 131  5500.   5.5    7.6   0.910   4.6     0.0
  43 1985 132  6100.   4.7   11.2   0.940   4.5     6.3
  43 1985 133  5800.   5.7   11.7   1.030   1.7     1.5
  43 1985 134  5600.   6.0   10.7   1.110   2.0    18.1
  43 1985 135  8400.   8.0   15.2   1.160   0.9     0.0
  43 1985 136 21100.   3.1   18.5   1.130   1.2     0.0
  43 1985 137 19100.   7.2   19.0   1.190   1.6     0.0
  43 1985 138 17000.   7.7   19.5   1.080   1.2     0.8
  43 1985 139  5800.   8.6   12.5   1.200   2.1     0.8
  43 1985 140  8300.   8.5   17.2   1.290   2.1     0.7
  43 1985 141  9000.   9.1   15.4   1.190   1.5     8.4
  43 1985 142  7200.   7.9   12.5   1.030   0.8     0.0
  43 1985 143  6800.   7.8   15.2   1.110   1.6     0.0
  43 1985 144 15000.   9.6   16.0   1.190   2.3     0.9
  43 1985 145 16100.   7.1   19.0   1.420   1.7     0.5
  43 1985 146 14200.  11.5   19.8   1.680   0.9     4.5
  43 1985 147  7300.  10.5   17.0   1.640   1.3     6.3
  43 1985 148 26700.   9.4   17.2   1.120   1.0     0.0
  43 1985 149 26500.   4.0   17.0   0.840   1.8     0.0
  43 1985 150 28900.   3.5   17.4   0.660   3.3     0.0
  43 1985 151 26200.   4.3   17.6   1.040   3.0     0.0
  43 1985 152 26300.   5.5   20.4   1.050   2.7     0.0
  43 1985 153 27800.   6.5   21.5   1.200   3.0     0.0
  43 1985 154 27900.   6.5   23.1   1.180   3.2     0.0
  43 1985 155 11700.   8.2   21.9   1.330   1.1    12.6
  43 1985 156  7500.  13.0   19.7   1.650   2.0    13.8
  43 1985 157  6500.   9.9   11.4   1.320   3.1    18.3
  43 1985 158  9200.   5.8   11.4   0.930   1.7     1.0
  43 1985 159 19800.   3.7   14.1   0.870   2.3     2.1
  43 1985 160 19000.   8.5   15.4   1.110   2.4     0.9
  43 1985 161 13800.   7.0   15.7   0.970   2.0     9.3
  43 1985 162  7200.   8.6   16.0   1.210   3.3     0.8
  43 1985 163 22700.   8.7   14.6   0.950   3.2     0.5
  43 1985 164  8200.   7.7   15.0   1.190   1.3     1.4
  43 1985 165 21600.   7.2   15.5   0.930   1.3     0.0
  43 1985 166 24800.   2.9   15.9   0.990   1.0     0.0
  43 1985 167 16100.   6.0   15.9   0.950   0.9     0.0
  43 1985 168 16000.   3.2   17.5   1.180   1.4     0.0
  43 1985 169  8000.   9.1   16.2   1.220   1.0     0.0
  43 1985 170 10200.   8.6   17.1   1.330   1.9     4.6
  43 1985 171 16700.   9.5   18.8   1.240   1.1     8.5
  43 1985 172  7000.   9.6   14.0   1.370   2.6     4.2
  43 1985 173  8400.  11.2   15.4   1.230   2.9     4.6
  43 1985 174 16200.  10.5   17.7   1.050   1.4     1.4
  43 1985 175 11100.  11.7   18.4   1.390   1.2     5.9
  43 1985 176 15000.   5.9   16.4   1.240   0.9     9.5
  43 1985 177 14400.   7.6   16.9   1.190   1.5     1.3
  43 1985 178 13100.   9.9   17.6   1.220   2.0     0.0
  43 1985 179  8600.   8.7   16.8   1.150   2.7     1.3
  43 1985 180 17500.  12.3   19.9   1.380   2.1     0.0
  43 1985 181 13000.  10.8   20.6   1.580   1.0     0.0
  43 1985 182 19700.  12.0   21.1   1.440   0.9     0.0
  43 1985 183 22400.   9.2   22.2   1.310   0.7     0.0
  43 1985 184 28700.   8.8   22.1   1.310   1.8     0.0
  43 1985 185 23300.  11.5   24.8   1.770   1.6     0.0
  43 1985 186 15000.  13.6   24.7   2.130   1.6     0.0
  43 1985 187 29700.  10.1   20.0   1.180   1.1     0.0
  43 1985 188 27400.   7.5   20.5   1.110   0.7     0.0
  43 1985 189 24900.   9.1   23.4   1.150   1.2     0.0
  43 1985 190 18500.  11.2   19.1   1.490   1.4     0.0
  43 1985 191 19100.   7.5   20.1   1.280   0.9     0.0
  43 1985 192 12000.  10.7   19.1   1.530   2.2     0.0
  43 1985 193 10700.  14.0   22.0   1.700   1.6     0.0
  43 1985 194 17600.  11.2   26.5   1.670   0.8     0.7
  43 1985 195 14600.  14.8   23.7   1.950   1.3     0.0
  43 1985 196 19400.   7.0   19.2   1.140   1.5     2.0
  43 1985 197 16900.  10.9   19.6   1.550   1.4     0.8
  43 1985 198 22000.   7.5   19.7   1.310   2.4     1.6
  43 1985 199  9800.  12.5   17.9   1.280   1.4     1.1
  43 1985 200 12000.   9.4   18.1   1.380   1.7     8.0
  43 1985 201 23000.   9.6   18.0   1.070   2.2     5.2
  43 1985 202 21200.   6.7   19.5   1.180   2.5     1.9
  43 1985 203  7300.  10.9   19.3   1.800   2.7     0.4
  43 1985 204 24100.  10.0   23.0   1.460   1.0     0.0
  43 1985 205 22100.  10.7   24.8   1.660   0.7     0.0
  43 1985 206 20700.  12.0   26.0   1.750   2.2     0.0
  43 1985 207  9800.  16.6   19.5   1.730   2.5     0.0
  43 1985 208 15700.  13.6   21.7   1.390   2.3     3.0
  43 1985 209 12200.  14.1   18.1   1.520   1.7    14.9
  43 1985 210  7200.  12.9   16.5   1.590   2.3     6.7
  43 1985 211  8300.  12.8   18.6   1.600   1.0     0.5
  43 1985 212 15600.  11.2   22.0   1.570   1.4     1.6
  43 1985 213 15700.  11.1   18.7   1.380   1.8     0.0
  43 1985 214  7300.  11.4   15.5   1.310   2.7     5.9
  43 1985 215 25400.  10.5   18.3   1.160   2.8     0.2
  43 1985 216  6800.   9.7   15.9   1.300   3.1    16.1
  43 1985 217 12300.  11.8   18.1   1.310   2.1     0.0
  43 1985 218 19500.   8.0   18.9   1.030   1.7     7.2
  43 1985 219  7000.   8.6   15.5   1.290   1.7     1.6
  43 1985 220 17800.   7.6   19.5   1.380   2.5     2.8
  43 1985 221 10900.  13.9   17.2   1.570   1.2     5.4
  43 1985 222 15900.   9.2   18.8   1.340   2.0     0.0
  43 1985 223 12300.   9.7   18.4   1.220   3.1     0.3
  43 1985 224 21100.   8.8   18.6   1.170   1.9     0.4
  43 1985 225 12800.   9.8   19.6   1.430   1.7     1.2
  43 1985 226 19800.  11.4   19.7   1.630   2.5     2.1
  43 1985 227 18900.  10.3   18.2   1.280   2.8     0.3
  43 1985 228 13000.  11.2   19.1   1.270   2.3     0.2
  43 1985 229 17900.  10.1   20.6   1.330   0.8     0.3
  43 1985 230  6900.   9.1   19.3   1.550   1.4     4.5
  43 1985 231 15400.  14.6   20.2   1.680   1.7     0.0
  43 1985 232  6500.  10.2   20.0   1.350   2.9     0.2
  43 1985 233 23000.  10.0   21.6   1.390   2.1     4.2
  43 1985 234 19500.  11.1   19.2   1.520   2.6     0.0
  43 1985 235  8800.  10.8   17.6   1.160   3.1    10.3
  43 1985 236 17400.  12.3   17.3   1.320   2.7     0.3
  43 1985 237 18500.   8.0   18.2   1.160   2.9     0.0
  43 1985 238 20300.   9.4   16.6   1.160   1.7     0.0
  43 1985 239 11800.   5.8   19.1   1.240   2.6     0.0
  43 1985 240 14800.  11.3   22.0   1.510   1.2     0.0
  43 1985 241 15500.  13.0   24.6   1.830   0.9     0.0
  43 1985 242 20600.  10.9   24.2   1.570   1.7     0.0
  43 1985 243 14900.   9.7   19.6   1.410   2.9     0.0
  43 1985 244 12100.   8.0   15.5   1.020   2.9     0.0
  43 1985 245  7800.  11.2   14.8   1.170   2.2     6.5
  43 1985 246 12500.  11.3   16.9   1.350   2.7     6.0
  43 1985 247  5900.   8.6   15.2   1.210   2.6     2.2
  43 1985 248 15300.  11.0   16.6   1.450   2.9     0.0
  43 1985 249 21800.   5.9   15.8   0.990   1.6     0.0
  43 1985 250 14900.   2.4   18.8   0.990   2.4     0.0
  43 1985 251  8800.  10.7   18.9   1.420   1.3     0.0
  43 1985 252  6300.  11.6   19.5   1.360   0.7     0.0
  43 1985 253 13600.  11.8   21.0   1.510   0.9     0.0
  43 1985 254 19300.   8.1   23.8   1.490   0.4     0.0
  43 1985 255 16900.   9.1   24.7   1.630   2.0     0.0
  43 1985 256 18600.   9.5   17.1   1.180   1.7     0.3
  43 1985 257  5600.   7.7   14.9   1.310   3.1     1.0
  43 1985 258 19300.   7.8   16.7   1.190   2.6     0.0
  43 1985 259  5500.   7.6   17.9   1.190   4.5     0.0
  43 1985 260  7600.  12.1   19.8   1.780   2.0     0.0
  43 1985 261  7000.  10.9   21.0   1.720   1.2     0.0
  43 1985 262  6400.  13.3   19.5   1.750   1.9     0.1
  43 1985 263  6100.   7.2   16.9   1.130   1.4     0.0
  43 1985 264  6300.  11.9   18.5   1.540   3.6     1.5
  43 1985 265 13700.  15.7   20.0   1.480   1.7     0.0
  43 1985 266 13800.  10.5   19.3   1.460   1.6     0.0
  43 1985 267  5500.   8.4   17.2   1.350   0.3     0.3
  43 1985 268  5500.  10.6   18.7   1.480   0.4     0.0
  43 1985 269 11200.  11.2   22.4   1.590   0.3     0.0
  43 1985 270 14800.   7.3   21.9   1.490   0.4     0.0
  43 1985 271 14800.   7.5   20.3   1.470   1.3     0.0
  43 1985 272 14200.  10.9   22.7   1.520   0.9     0.0
  43 1985 273 11200.  11.5   23.0   1.550   1.0     0.0
  43 1985 274 16000.  13.2   26.4   1.520   1.8     0.0
  43 1985 275  9200.  13.1   20.5   1.540   2.5     0.7
  43 1985 276  6100.  14.7   20.1   1.790   3.1     1.6
  43 1985 277 12600.  12.5   17.8   1.460   2.7     4.0
  43 1985 278 15000.  10.0   18.1   1.330   1.8     0.1
  43 1985 279  6300.   9.9   17.6   1.430   2.6    11.6
  43 1985 280  4300.  10.4   12.9   1.310   1.9     1.4
  43 1985 281 11800.   6.4   13.2   0.950   2.9     2.4
  43 1985 282  9700.   8.9   14.4   1.140   2.7     0.0
  43 1985 283  7200.   8.6   17.4   1.290   3.0     0.0
  43 1985 284  6200.  11.8   17.2   1.550   1.0     0.0
  43 1985 285  8900.   6.5   14.3   1.040   0.6     0.0
  43 1985 286 14000.   4.2   17.1   1.150   0.5     0.0
  43 1985 287 11800.   4.1   16.0   1.250   1.1     0.0
  43 1985 288  3900.   8.0   14.8   1.350   1.6     0.2
  43 1985 289  3800.   9.1   10.5   1.190   0.7     0.0
  43 1985 290  4900.   9.0   14.6   1.100   0.4     0.0
  43 1985 291  3700.   9.3   11.6   1.090   0.7     0.0
  43 1985 292  6100.   8.2   14.4   1.160   0.7     0.0
  43 1985 293  8500.   4.9   13.6   1.090   0.8     0.0
  43 1985 294  8700.   2.8   13.9   1.010   1.6     0.0
  43 1985 295 11800.   5.2   14.4   1.040   2.4     0.0
  43 1985 296  8200.   6.6   12.4   0.960   1.6     0.0
  43 1985 297 12300.   2.6   14.9   0.940   0.7     0.0
  43 1985 298 10800.   3.5   12.5   0.930   1.6     0.0
  43 1985 299  3900.   4.4    8.5   0.890   0.9     0.0
  43 1985 300  3200.   6.5   10.6   0.890   1.4     0.0
  43 1985 301  5000.   4.8   11.5   0.800   1.6     0.0
  43 1985 302  4500.   4.7   11.6   1.010   1.7     0.0
  43 1985 303  3100.   3.4    8.7   0.840   0.6     0.0
  43 1985 304  3000.   1.8    8.4   0.810   0.8     0.4
  43 1985 305  4400.   4.4    8.7   0.920   2.6     0.8
  43 1985 306 10900.   2.1    6.4   0.620   1.4     0.0
  43 1985 307  9300.  -1.1    8.5   0.470   0.9     0.0
  43 1985 308  5100.  -0.4   13.6   0.880   2.9     1.0
  43 1985 309  7100.   7.3   11.4   1.030   5.5     0.0
  43 1985 310  9600.   2.3    9.5   0.610   4.2     0.0
  43 1985 311  8200.   4.9   13.1   0.970   2.1     8.0
  43 1985 312  3000.   9.0   15.0   1.450   4.4     4.5
  43 1985 313  4400.   8.8   12.0   1.000   5.3     5.7
  43 1985 314  8100.   0.7    3.7   0.580   3.4     0.0
  43 1985 315  8700.  -0.1    5.1   0.620   2.2     0.0
  43 1985 316  8600.  -2.2    3.5   0.470   1.9     0.0
  43 1985 317  7000.  -3.5    4.1   0.540   0.6     0.0
  43 1985 318  4100.  -5.9    6.9   0.470   2.0     5.8
  43 1985 319  3100.  -2.4    7.4   0.830   1.7     0.0
  43 1985 320  2300.  -1.4    6.0   0.590   1.4     8.6
  43 1985 321  2200.   0.6    5.2   0.760   2.1     0.2
  43 1985 322  6000.  -0.9    3.8   0.630   4.1     0.1
  43 1985 323  2900.  -0.8    0.6   0.400   3.4     0.6
  43 1985 324  2100.  -1.4    3.4   0.590   2.4     0.8
  43 1985 325  2100.  -0.1    4.3   0.770   2.8     1.2
  43 1985 326  2000.   2.6    4.2   0.710   2.7     0.3
  43 1985 327  2000.   2.6    5.4   0.720   2.8     1.3
  43 1985 328  3700.   1.5    3.3   0.670   2.4     0.1
  43 1985 329  1900.   1.7    4.3   0.710   2.1     0.3
  43 1985 330  1900.   0.7    3.4   0.650   2.2     0.3
  43 1985 331  1800.  -0.5    2.9   0.650   2.5     0.0
  43 1985 332  4800.  -2.0    2.5   0.510   0.9     0.0
  43 1985 333  1900.  -5.6    4.1   0.450   2.2    10.4
  43 1985 334  1700.  -3.6   11.4   0.820   1.0     0.5
  43 1985 335  3800.   4.1   13.4   1.160   3.0     2.9
  43 1985 336  2000.  10.3   14.0   1.410   3.7     3.5
  43 1985 337  1600.  11.4   13.0   1.260   3.7     1.2
  43 1985 338  1600.  10.5   12.1   1.310   1.9    11.8
  43 1985 339  1600.  10.0   10.6   1.270   4.1     7.2
  43 1985 340  4100.   4.0   10.4   0.900   3.4    10.2
  43 1985 341  4500.   4.9    9.6   0.880   1.4     0.5
  43 1985 342  1500.   1.5    6.5   0.880   0.8     0.0
  43 1985 343  1500.   2.4    4.4   0.790   1.2     0.1
  43 1985 344  1400.  -0.9    7.4   0.660   1.6     3.1
  43 1985 345  1400.   0.8    7.8   1.010   1.6     0.0
  43 1985 346  2700.   5.5   10.1   0.840   3.4     0.5
  43 1985 347  1400.   5.4   12.2   1.240   3.1     0.5
  43 1985 348  1400.   9.7   12.9   1.340   3.6     0.0
  43 1985 349  1300.   9.1   12.2   1.190   4.1     0.0
  43 1985 350  1300.   8.8    9.6   0.930   2.8     0.0
  43 1985 351  1300.   5.5   11.2   0.910   2.9     3.7
  43 1985 352  3500.   7.5   10.4   1.160   2.8     0.8
  43 1985 353  3900.   2.7    9.3   0.760   4.3     0.0
  43 1985 354  1200.   3.5   10.5   1.020   4.9     1.1
  43 1985 355  1200.   8.4   11.5   0.980   5.2     1.5
  43 1985 356  1200.   8.5    8.8   1.060   1.6     3.3
  43 1985 357  3900.   4.0    9.0   0.840   2.9    16.8
  43 1985 358  1200.   5.0    7.7   1.050   1.6     3.1
  43 1985 359  1200.   2.7    6.5   0.800   3.1    26.7
  43 1985 360  1200.   3.5    4.5   0.840   5.7     8.8
  43 1985 361  3100.   0.8    1.4   0.540   1.7     0.0
  43 1985 362  1100.  -6.1   -1.1   0.390   2.7     0.0
  43 1985 363  4300.  -7.0   -1.2   0.340   1.7     0.0
  43 1985 364  1400.  -6.5    4.0   0.400   2.6     0.0
  43 1985 365  1100.  -4.4    3.8   0.680   2.2     0.9
