*---------------------------------------------------------------------*
*                                                                     *
* Wageningen weather                                                  *
*                                                                     *
* Longitude (east), Latitude (north), Altitude (m) of weather station *
*                                                                     *
* column  Daily weather                                               *
* 1       Year                                                        *
* 2       Day                                                         *
* 3       Minimum temperature                      (degr. C.)         *
* 4       Maximum temperature                      (degr. C.)         *
* 5       Daily total global radiation             (MJ/m2/day)        *
* 6       Rainfall                                 (mm)               *
* 7       Vapour pressure at 9.00 h in the morning (mbar)             *
* 8       Windspeed  (daily average)               (m/s)              *
*---------------------------------------------------------------------*
 5, 52, 0
76   1   2.0   9.7  2.20  14.6  7.3  3.6
76   2   1.9  10.3  1.00  12.1  8.6  6.3
76   3   3.3  11.6  1.89   8.6  5.5 11.7
76   4   2.4   6.6  3.35   0.2  5.5  3.8
76   5   2.0   9.5  0.48   2.3  9.2  4.4
76   6   5.9   9.6  1.50  13.4  9.6  3.1
76   7   6.6   9.4  0.75   0.3  9.6  3.8
76   8   6.3   7.4  0.37   0.0  8.4  4.5
76   9   6.8   8.3  1.25   0.0  9.2  4.6
76  10   6.5  10.1  0.99   6.9  9.5  5.5
76  11   9.3  11.9  0.86   5.9 10.5  6.8
76  12   8.1   9.5  1.14   3.4  9.5  5.6
76  13   6.5   9.4  1.04   2.1  9.8  3.2
76  14   5.5   8.6  0.62   0.5  8.7  6.0
76  15   6.3   8.4  3.32   5.4  8.2  4.6
76  16   7.0   8.3  1.20   1.8  9.6  3.3
76  17   1.5   7.4  3.27   0.0  7.8  1.9
76  18   1.5   5.9  2.10   0.0  7.2  2.8
76  19   3.0   7.9  3.39   1.1  7.9  4.8
76  20   7.0  10.5  0.54   3.3  8.7  9.0
76  21   7.3   7.9  0.93   4.6  6.9  9.0
76  22   5.5  10.0  1.13   0.7  8.3  7.0
76  23   1.1   9.8  1.98   0.0  7.4  6.4
76  24  -1.7   3.9  4.75   5.2  6.1  2.8
76  25  -5.6   2.3  2.21   1.5  5.9  2.0
76  26  -7.1   1.5  4.54   2.3  4.9  2.4
76  27 -11.3   1.9  2.76   3.2  4.8  3.6
76  28 -16.1  -5.3  6.24   0.0  3.0  1.9
76  29 -10.8  -5.3  6.18   0.0  2.5  4.2
76  30  -9.4  -4.9  6.04   0.0  2.5  5.1
76  31  -8.4  -4.7  4.67   0.0  2.7  3.7
76  32  -8.7  -4.4  3.37   0.0  2.9  2.7
76  33  -7.0  -0.9  1.90   0.0  4.2  1.7
76  34  -1.2  -0.3  1.64   0.0  5.5  1.2
76  35  -1.5   0.4  3.28   0.0  5.0  2.4
76  36  -0.7   1.9  2.87   0.0  5.1  4.1
76  37  -1.5   2.3  5.58   0.0  4.8  3.4
76  38  -2.0   1.5  1.97   0.0  5.3  2.0
76  39   0.5   2.6  1.63   0.0  6.5  1.4
76  40   2.0   4.8  1.59   0.0  7.3  2.0
76  41   0.4   7.1  1.56   2.6  7.7  3.3
76  42   0.5   4.5  3.41   2.1  6.0  3.9
76  43   1.0   4.6  2.00   4.6  7.0  4.7
76  44   1.1   5.8  1.45   6.4  7.0  3.6
76  45  -2.3   1.3  2.70   1.8  4.2  4.3
76  46  -1.6   0.0  3.61   0.0  3.8  2.3
76  47  -1.5   1.9  4.08   0.0  5.0  3.5
76  48   1.6   4.0  2.22   0.0  6.0  3.4
76  49   1.1   7.3  6.45   0.0  6.3  2.4
76  50   1.1  12.0  7.99   0.0  7.0  2.7
76  51   3.1  13.0  7.21   0.0  7.5  2.4
76  52   5.4  11.5  5.08   0.0  8.6  2.5
76  53   3.6  12.8  7.58   0.0  6.6  2.7
76  54   0.8  12.6  8.24   0.0  8.0  2.2
76  55   5.0   9.9  1.42   0.3  9.8  3.1
76  56   4.9  10.1  5.45   0.2  9.6  4.0
76  57   3.6   8.8  2.71   0.0  8.8  3.1
76  58   2.0  10.4  4.77   0.0  8.3  1.1
76  59   2.4  13.3 10.19   0.0  7.5  2.0
76  60   1.0   9.3 11.27   6.0  6.6  3.6
76  61  -2.2   9.2 10.34   0.0  6.5  1.3
76  62  -3.2   9.5 12.72   0.0  4.4  3.1
76  63  -0.3   8.9 12.09   0.0  3.5  4.1
76  64  -2.3   3.2 13.14   0.0  3.4  4.3
76  65  -3.5   2.2 11.14   0.0  3.3  3.3
76  66  -4.7   1.2  8.01   0.0  3.6  2.4
76  67  -7.7   1.6  9.24   0.0  3.1  1.1
76  68  -8.1   3.0  9.18   0.0  3.7  0.7
76  69  -9.0   4.0  9.13   0.0  3.8  1.4
76  70  -0.1   7.2  9.25   0.0  3.2  3.0
76  71   0.4   8.9  8.74   0.0  4.3  4.1
76  72   0.6   9.0  9.06   4.2  6.4  2.9
76  73  -2.9  11.5 12.55   0.0  5.4  1.4
76  74   1.5   8.3  6.63   0.0  6.3  2.3
76  75   1.6   5.1  4.61   0.1  6.4  1.8
76  76   0.9   5.0  3.23   0.1  6.6  2.0
76  77   2.3   6.0  3.83   2.1  7.0  1.4
76  78  -1.3   5.9 10.98   0.0  4.2  2.4
76  79  -5.0   7.1 16.65   0.0  3.3  2.5
76  80  -2.5   5.4 16.28   0.0  2.8  4.2
76  81  -4.0   3.8 16.41   0.0  3.1  4.1
76  82  -4.5   5.9 15.67   0.0  3.7  2.6
76  83  -5.5   5.6 14.61   0.0  4.0  1.9
76  84   2.5   9.9  3.72   3.9  9.4  4.8
76  85   1.8   9.3  3.46   7.2  8.1  4.1
76  86   1.6   8.4  5.92   4.3  7.8  4.0
76  87   4.4  11.0  8.66   0.9  8.3  3.6
76  88   4.8   9.1  5.05   0.0  8.0  5.2
76  89   4.3  10.5 10.08   0.8  7.0  4.3
76  90   6.0  11.0  6.81   0.0  7.8  5.8
76  91   8.0  14.8  9.44   0.0  8.3  2.7
76  92   7.2  12.7  9.88   0.0  8.3  3.5
76  93  -0.4   8.9 11.03   4.2  6.3  2.8
76  94  -1.9   9.0  6.85   0.0  5.9  1.5
76  95   1.9  13.4 17.66   0.0  5.9  3.7
76  96  -0.3  11.6  5.11   0.0  7.1  3.7
76  97  -0.1   6.1  6.42   0.0  6.2  1.4
76  98  -1.2   9.1 16.33   2.3  5.7  3.0
76  99  -5.0  11.5 19.06   0.0  4.5  0.8
76 100  -0.9  13.6 19.36   0.0  5.1  0.6
76 101  -3.4  15.8 18.77   0.0  4.9  0.7
76 102  -1.4  15.4 17.71   0.0  5.1  1.6
76 103  -1.7  16.4 19.80   0.0  5.5  1.3
76 104   3.9  11.7  7.76   0.0  8.3  1.6
76 105   0.1  17.4 16.26   0.0  7.6  2.6
76 106   2.8  13.6  9.94   0.0  8.3  2.2
76 107   1.9  17.6 18.18   0.0  8.4  1.0
76 108   0.4  19.5 21.33   0.0  7.8  1.5
76 109   6.4  19.4 19.70   0.0  8.4  3.5
76 110   4.2  18.4 22.24   0.0  6.2  3.6
76 111   2.9  13.4 10.86   0.0  7.5  2.3
76 112   0.3   9.7 18.11   0.0  4.4  3.2
76 113  -2.3   8.0 18.35   0.0  4.7  3.1
76 114  -3.7  11.3 18.21   0.0  4.4  4.8
76 115   1.5  15.2 16.41   0.0  5.0  4.3
76 116   1.5  15.8 24.47   0.0  5.6  3.7
76 117  -3.7   9.8 12.60   0.5  5.7  3.0
76 118  -5.1   8.5 16.77   0.0  3.9  2.0
76 119  -6.7  10.8 22.07   0.0  5.0  1.3
76 120   0.6  12.2 13.43   0.0  6.4  1.5
76 121  -2.7  14.9 18.42   0.0  5.7  1.3
76 122   5.2  12.5  7.15   0.3  8.3  2.7
76 123   6.6  11.4  5.20   0.4 10.0  3.2
76 124   4.4  13.5  9.85   1.7  8.8  3.9
76 125   1.7  19.1 16.47   0.0  9.3  1.3
76 126   7.2  25.7 22.67   0.0  9.9  2.1
76 127  12.6  28.4 22.30   0.0 10.7  3.3
76 128  15.0  30.0 21.55   0.0 12.6  2.0
76 129  12.8  29.5 23.66   0.0  9.7  1.9
76 130   9.9  30.2 21.16   0.0 12.6  2.1
76 131   9.9  17.9 23.27   3.8  8.5  2.3
76 132   7.3  15.2  6.50   0.0 10.5  3.7
76 133   1.1  11.5 13.55   5.5  8.1  3.3
76 134   1.3  16.5 20.70   1.7  6.9  1.5
76 135   7.0  21.4 25.30   0.0  7.9  2.9
76 136   4.4  18.3 22.72   0.0  8.6  2.5
76 137   3.6  23.9 25.95   0.0  8.5  2.5
76 138  12.9  25.1 22.49   0.0 11.8  2.4
76 139   8.0  16.2  9.32   4.8 12.9  1.7
76 140   6.6  16.6 15.25   0.6 10.4  2.7
76 141   6.9  14.9 16.47   2.7  9.6  2.8
76 142   5.0  19.1 19.92   3.6 10.0  1.0
76 143   2.0  21.1 26.81   0.0  9.0  1.9
76 144   4.6  18.2 25.60   0.0  6.6  2.6
76 145   1.5  20.0 22.65   0.0  8.5  1.7
76 146   7.4  12.9 12.86   0.5 10.5  4.1
76 147   8.5  13.5  7.24   6.1 11.3  4.2
76 148   3.7  16.0 18.19   0.2  9.6  0.9
76 149   4.0  19.7 15.50   0.0 11.1  2.0
76 150   9.9  16.8 14.60   0.1 11.2  3.8
76 151  10.3  16.1 14.01   2.4 11.4  4.0
76 152  10.9  17.7 10.21   0.0 13.0  2.8
76 153   8.6  12.3  9.56  12.2  9.3  3.2
76 154   6.9  11.2  6.27   0.0  8.9  2.7
76 155   2.0  13.0 12.78   0.4  7.8  0.9
76 156   0.1  19.2 25.70   0.0  7.9  1.0
76 157   4.9  22.6 26.26   0.0  9.6  1.4
76 158   5.9  26.4 28.05   0.0  9.1  1.4
76 159  17.0  28.1 26.33   0.0 11.8  3.1
76 160  16.6  30.4 23.41   0.0 14.8  3.2
76 161   9.8  20.5 18.18   0.0 12.6  2.5
76 162   7.9  22.5 24.97   0.0  9.8  0.7
76 163  10.2  25.0 24.35   0.0 12.6  2.6
76 164   9.1  22.1 21.17   0.0 13.7  2.1
76 165   8.6  24.1 26.73   0.0 13.5  2.4
76 166  13.7  22.1 17.22   0.0 13.9  3.5
76 167   7.8  16.5 13.15   0.0 10.8  2.8
76 168   5.1  23.4 25.96   0.0 10.7  1.4
76 169   4.6  23.1 21.42   0.0 12.0  2.1
76 170  12.6  16.5  7.50   0.0 13.8  3.8
76 171  10.1  15.1  4.82  12.0 14.4  3.9
76 172  10.4  21.0 20.39  10.0 13.4  1.6
76 173   8.0  24.0 19.92   0.0 14.0  0.7
76 174  10.8  27.8 25.74   0.0 13.5  1.2
76 175  17.9  31.1 24.45   0.0 14.7  1.6
76 176  15.6  32.5 22.54   0.0 15.3  1.2
76 177  14.4  32.7 24.79   0.0 14.6  1.4
76 178  15.5  33.2 24.96   0.0 16.4  1.3
76 179  17.0  31.1 25.08   0.0 15.1  2.1
76 180  12.1  27.9 27.96   0.0 13.4  2.5
76 181  14.0  30.1 27.89   0.0 13.2  3.3
76 182  16.3  29.1 27.89   0.0 11.2  3.0
76 183  14.3  32.1 28.13   0.0 11.5  2.2
76 184  17.4  34.4 25.22   0.0 13.7  1.6
76 185  15.6  33.6 25.01   0.0 13.5  1.6
76 186  12.2  32.4 26.60   0.0 13.8  2.0
76 187  18.0  29.8 27.27   0.0 11.0  2.8
76 188  13.0  29.1 25.36   0.0  8.8  2.5
76 189  11.8  28.1 27.18   0.0 13.9  2.3
76 190  10.0  27.0 23.26   0.0 14.8  1.0
76 191  10.5  22.1 15.58   0.0 15.0  1.9
76 192   9.8  26.0 24.10   0.0 12.8  1.3
76 193  14.5  28.9 23.09   0.0 14.1  2.0
76 194  15.5  22.2  6.62   3.0 17.9  1.6
76 195  13.3  23.2 14.99   1.2 14.5  2.0
76 196  10.6  28.5 24.01   0.0 14.6  1.3
76 197  19.0  33.2 17.67   0.0 20.1  2.0
76 198  16.3  21.0  6.58   7.2 20.1  1.3
76 199  16.0  23.1  9.35   4.0 18.4  1.2
76 200  14.8  24.3 17.05   0.0 17.4  2.3
76 201  13.6  20.6  9.76   1.2 16.1  2.8
76 202  11.8  18.6 10.37   1.8 14.0  2.4
76 203   9.8  20.1 19.71   3.0 12.1  2.2
76 204   6.0  21.1 18.80   0.0 11.2  1.5
76 205  11.8  19.6 13.34   0.0 14.1  1.3
76 206  11.6  20.7 17.70   2.8 14.4  1.8
76 207   8.3  21.1 22.71   3.9 13.6  1.9
76 208   8.4  20.0 12.79   0.0 12.5  1.2
76 209   9.4  20.2 12.48   0.0 13.3  2.2
76 210   9.8  21.0 22.09   0.0 10.8  2.5
76 211  13.0  20.3 10.75   0.0 13.8  3.4
76 212   7.2  16.5  9.65   0.5 11.7  1.5
76 213   6.5  18.0 19.22   4.5  9.7  2.7
76 214  12.4  18.5  9.09   1.6 14.6  3.2
76 215   8.7  18.0 10.42   2.8 14.7  2.3
76 216   8.0  19.5 19.18   1.0 11.3  1.5
76 217   9.5  20.4 15.88   0.0 12.1  1.3
76 218  10.3  21.4 14.76   0.0 13.1  1.0
76 219   9.3  21.6 15.23   0.0 13.5  2.1
76 220   8.5  23.4 21.44   0.0 12.5  1.7
76 221  13.7  26.5 21.89   0.0 11.9  2.5
76 222   9.5  25.7 17.67   0.0 11.0  1.7
76 223  10.6  26.3 17.18   0.0 12.6  1.2
76 224   8.4  26.8 17.43   0.0 13.1  1.2
76 225   9.9  25.6 22.12   0.0 11.9  1.5
76 226  10.4  24.9 20.96   0.0 12.1  2.1
76 227  12.8  25.9 21.52   0.0 11.4  2.7
76 228   8.7  26.2 21.61   0.0 11.1  2.4
76 229   8.7  23.2 18.05   0.0 12.6  1.5
76 230   7.4  23.8 14.20   0.0 13.6  1.3
76 231  12.9  26.1 21.10   3.6 15.5  2.4
76 232  11.9  25.5 16.27   0.0 16.0  1.9
76 233  13.2  25.5 19.98   0.0 12.0  2.5
76 234  12.5  23.8 22.30   0.0  8.3  3.3
76 235  12.9  24.8 21.83   0.0  8.1  3.0
76 236   9.4  28.0 20.91   0.0  8.7  2.1
76 237   7.7  30.0 20.55   0.0  9.3  1.3
76 238  10.3  24.5 15.96   0.0 13.5  2.2
76 239  13.3  21.5 13.26   0.0 14.1  2.6
76 240  10.6  21.0 11.24   3.8 14.3  1.5
76 241  14.4  26.1 13.94   2.3 15.6  2.6
76 242  12.0  22.0  9.98   0.1 16.9  2.0
76 243   8.3  22.4 17.05   0.8 13.0  1.5
76 244   8.5  20.4  9.76   0.0 13.5  1.9
76 245   8.9  16.7 12.13  11.4 12.0  2.1
76 246   7.5  17.5 13.76   2.4 10.8  2.2
76 247   8.0  17.3  7.16   1.0 11.8  1.1
76 248   6.3  17.5  9.72   6.4 10.9  0.9
76 249   4.3  19.8 17.20   0.0 10.9  1.1
76 250   8.2  21.1 15.35   0.0 12.1  1.4
76 251   7.2  20.8 12.06   0.0 11.9  1.2
76 252   9.5  15.6  4.78   0.1 12.0  3.8
76 253   7.7  14.5  7.82   4.4 10.4  4.6
76 254   7.8  14.4  7.23   2.8 10.4  4.4
76 255   7.0  18.4 14.23   0.7 11.1  2.8
76 256   5.5  17.9  5.45   0.0 12.0  2.5
76 257  10.0  17.2 10.11   1.0 11.9  2.9
76 258  10.1  18.7 12.39   0.0 12.5  1.3
76 259  10.5  16.1  6.90   1.0 12.9  0.8
76 260  10.5  16.3  7.47   1.1 13.1  1.6
76 261   8.8  17.0  8.44   0.0 11.7  1.7
76 262   7.7  20.5 11.34   2.3 11.7  1.2
76 263   4.6  18.7 11.74   0.0 11.0  1.2
76 264   6.5  19.3 13.49   0.0 10.6  1.8
76 265   9.9  19.6 13.15   0.0 10.9  2.5
76 266  11.8  19.1  9.69   0.0 12.9  2.2
76 267  13.2  18.3  8.01   1.9 14.9  1.4
76 268  12.6  18.5  5.94   0.0 14.4  3.0
76 269   9.5  19.8  5.20   0.0 15.2  1.6
76 270   9.5  22.0  8.39   0.6 16.3  1.3
76 271  11.5  21.0  7.01   2.4 16.6  0.9
76 272  10.1  19.1  7.30   1.7 15.0  0.8
76 273   9.4  19.6  9.40   0.9 14.4  2.0
76 274  13.3  19.1  7.88   0.4 15.7  2.7
76 275  12.2  19.1  8.83   2.5 14.8  1.5
76 276  11.3  19.0  9.68   0.0 13.0  2.3
76 277  10.0  18.0  5.35   0.0 13.3  3.0
76 278   7.7  15.8 11.23   2.4  9.9  3.4
76 279  11.9  18.3  2.35   4.6 15.2  4.4
76 280  11.4  19.5  2.81   5.1 14.4  3.8
76 281   8.7  15.7  7.19   2.9 12.1  1.5
76 282   8.6  20.2  7.56   0.0 15.8  1.8
76 283  14.0  18.0  4.41   0.0 15.9  1.5
76 284  12.7  21.8  8.96   0.0 14.3  3.6
76 285  10.5  16.6  4.66   0.0 12.6  2.6
76 286   8.5  14.1  5.44   0.0 11.2  0.7
76 287   7.0  14.4  5.20   0.0 10.4  3.2
76 288   8.4  11.1  1.75   0.9  9.2  5.3
76 289   0.2  13.1 10.34   9.3  8.4  2.1
76 290  -2.7  12.6 10.25   0.0  7.6  1.6
76 291   3.9  11.1  4.83   0.0  8.9  2.4
76 292   7.7  13.2  5.01   0.0 11.0  3.0
76 293   8.3  15.6  5.54   3.7 12.1  2.5
76 294   8.2  14.3  6.27   0.0 10.2  3.3
76 295   7.7  13.5  4.56   1.2 11.6  2.5
76 296   9.0  15.0  5.76   0.5 10.1  2.9
76 297   7.7  13.3  6.82   2.5 10.9  1.3
76 298   8.1  15.7  6.55   0.2 10.4  2.5
76 299   3.1  11.8  6.33   0.0  9.2  1.4
76 300   4.8   6.5  1.66   0.0  8.6  1.2
76 301   3.9   6.7  0.93   0.0  8.1  1.9
76 302   1.0  12.6  3.31   0.0  9.0  1.4
76 303   0.6   7.4  2.36   0.0  8.2  2.2
76 304   1.4  10.5  7.36   0.0  6.9  0.9
76 305   3.7   9.6  3.20   0.0  8.9  3.5
76 306   5.6  10.2  3.42   0.7  9.5  3.3
76 307   4.1   6.4  1.52   1.4  8.3  1.7
76 308   2.8  11.0  5.99  17.2  7.5  1.6
76 309   3.9   8.9  2.86   0.0  8.1  3.8
76 310   5.1  10.9  4.00   0.0  8.3  3.2
76 311   5.7  11.0  2.80   4.5  9.5  2.2
76 312   4.2  10.4  4.61   0.3  8.6  3.2
76 313   6.1  10.0  3.85   1.1  8.8  2.9
76 314   7.2  12.5  2.24   0.6 10.2  2.6
76 315   2.2   8.6  1.18   3.7  9.1  0.8
76 316   1.2   8.0  4.72   0.8  7.3  2.4
76 317   4.5   6.5  2.27   1.4  8.4  1.7
76 318   6.0   8.8  2.32   0.1  8.7  1.5
76 319   5.3   7.5  2.07   0.0  8.3  1.5
76 320   5.5   7.7  2.35   0.0  8.4  1.6
76 321   6.0   7.4  0.85   0.8  9.4  1.7
76 322   4.8   8.6  1.28   0.0  9.5  0.8
76 323  -0.5   9.4  2.07   0.0  8.0  1.1
76 324  -1.8   8.0  4.21   0.0  6.6  0.5
76 325  -2.1   5.4  4.30   0.0  6.6  0.8
76 326   1.4   6.6  2.41   0.6  7.3  2.1
76 327   0.6   5.8  3.95   0.8  6.3  2.6
76 328   2.5   9.6  0.77   0.8  8.8  4.4
76 329   3.6  10.0  1.65   5.3  9.3  2.7
76 330   6.9   8.0  1.26   0.0  7.8  4.2
76 331   5.2  10.0  2.46   0.6  8.8  3.7
76 332   5.4   9.8  1.22   0.0  9.0  5.4
76 333   6.0   9.3  2.28   3.6  8.2  5.6
76 334   4.7  11.2  0.74   5.2  9.2  4.8
76 335   1.7   7.0  3.54  13.1  6.6  4.6
76 336   1.4   5.0  2.35   0.0  6.5  2.0
76 337   0.7   3.4  2.61   2.8  6.2  3.5
76 338  -0.1   4.5  4.29   2.8  6.0  3.7
76 339  -1.6   1.5  2.26   0.0  5.6  2.5
76 340  -1.4   6.5  0.83   0.2  6.6  4.8
76 341   4.6   8.0  4.18   5.5  7.4  4.9
76 342   5.6   8.0  2.30   0.2  8.1  5.0
76 343   1.1   7.3  3.64   1.3  6.9  2.6
76 344  -1.0   5.0  3.82   0.0  5.5  2.3
76 345   0.7   5.6  2.00   2.2  6.3  4.6
76 346  -4.3   4.7  1.70   1.8  6.3  2.5
76 347  -4.7   1.7  2.36   1.7  5.7  1.0
76 348  -5.6   2.0  3.41   0.5  5.2  1.2
76 349  -4.2   0.4  1.40   0.0  4.8  0.9
76 350  -2.9   1.5  1.60   0.0  5.1  1.2
76 351  -2.2   1.6  1.23   0.0  5.2  3.5
76 352   0.4   3.3  0.61   3.5  6.6  1.5
76 353  -0.1   1.8  0.62   0.7  5.8  4.0
76 354   1.8   4.1  1.73   4.0  6.8  3.6
76 355   2.4   6.5  0.63   3.3  7.9  3.5
76 356   0.3   5.3  1.45   1.2  6.6  1.7
76 357  -4.9   4.0  3.02   0.0  5.7  1.6
76 358  -1.1   1.9  3.12   0.0  5.6  1.1
76 359  -6.0   1.7  3.85   0.0  3.6  2.1
76 360  -0.8   3.0  3.79   0.8  4.6  2.3
76 361  -0.5   2.5  0.71   0.2  5.7  4.4
76 362  -5.1   1.3  3.64   3.8  4.8  1.7
76 363  -8.5  -4.0  3.37   0.0  3.6  2.2
76 364  -9.7  -4.0  2.61   0.0  2.9  4.3
76 365  -5.6   2.1  2.36   0.0  5.0  4.3